1,200,68,557,320,764,185,324,619,170,128,138,997,522,613,384,670,750,416,162,287,796,577,405,966,719,604,39,526,963,880,1
1,897,276,337,194,167,952,792,277,5,987,282,892,107,497,47,978,234,504,701,505,528,226,127,788,1
1,429,814,18,578,512,132,269,394,887,4,773,80,77,114,799,67,315,744,31,253,427,688,668,683,84,990,1
1,481,671,472,693,727,552,174,21,389,870,778,655,722,545,913,449,332,974,896,7,92,51,1000,55,585,1
1,842,58,340,479,148,369,836,478,339,968,849,163,98,236,272,667,632,879,327,850,549,1
1,166,352,159,542,567,581,48,118,972,406,996,88,925,309,576,160,992,911,137,894,1
1,514,459,742,70,225,179,986,544,564,891,467,811,190,998,37,611,471,450,382,421,20,171,537,74,251,38,1
1,627,777,35,715,980,650,884,824,36,977,852,192,325,258,712,540,530,642,675,296,1
1,762,646,96,455,297,33,630,757,902,556,521,600,217,599,878,240,349,830,692,730,780,426,274,284,1
1,135,103,259,912,616,175,676,717,27,560,498,293,680,78,964,547,424,411,209,652,927,3,1
1,833,242,590,255,759,863,126,404,41,71,224,947,706,580,976,477,829,821,345,386,422,690,781,363,592,988,1
1,697,106,279,624,34,573,559,733,835,305,855,245,848,182,288,2,882,196,561,15,1
1,247,617,718,518,129,328,303,501,815,889,705,250,213,79,647,371,153,886,570,686,66,908,82,1
1,582,228,440,359,201,1001,313,431,435,91,800,451,119,515,211,961,233,392,448,360,967,704,1
1,867,982,844,779,791,139,658,971,839,857,372,227,254,286,318,910,420,678,112,951,629,366,218,312,476,1
1,72,860,257,300,618,109,713,24,210,396,565,452,798,673,854,419,594,83,202,813,134,1
1,314,219,193,252,923,610,685,603,747,941,921,861,388,122,551,962,531,390,381,402,513,186,483,334,439,1
1,958,944,310,574,783,270,156,101,157,183,765,273,770,436,716,637,751,808,825,865,745,489,154,960,432,1
1,766,164,700,206,622,828,474,342,350,383,333,903,679,553,677,377,625,8,654,666,268,367,1
1,205,843,54,950,214,115,397,739,707,648,991,834,306,354,731,918,433,76,609,682,131,970,1
1,596,838,17,437,130,631,365,223,524,995,438,569,948,473,177,400,511,197,640,535,983,446,933,881,714,1
1,123,607,6,463,794,319,984,100,125,554,487,520,888,316,949,110,155,797,184,772,271,1
1,136,161,905,260,527,264,822,940,924,782,443,856,494,330,289,575,73,311,929,423,239,702,496,1
1,953,746,380,401,634,583,975,40,391,176,763,812,460,546,858,376,52,265,292,145,672,117,220,461,740,441,1
1,801,760,203,428,832,341,907,734,934,890,748,181,568,628,937,942,726,399,462,621,831,507,898,696,816,1
1,943,490,140,915,64,165,11,113,846,993,25,864,85,57,353,758,499,304,230,329,868,1
1,454,208,519,847,662,348,873,636,615,149,361,517,466,687,645,364,374,335,12,343,771,588,859,216,643,275,1
1,10,562,981,453,597,664,398,444,732,189,660,379,893,44,248,626,669,786,851,656,641,281,195,1
1,945,939,387,357,605,267,249,307,46,509,278,862,899,393,872,468,291,60,593,385,256,752,141,755,243,775,207,1
1,502,973,95,295,928,584,720,869,532,694,50,442,62,674,482,475,761,447,595,413,614,229,969,598,741,417,28,649,795,1
1,93,840,803,198,841,212,495,793,809,102,548,338,266,262,172,53,263,753,728,926,222,725,407,635,1
1,608,59,86,63,368,244,331,653,414,787,623,150,587,883,61,457,395,375,785,94,89,485,425,1
1,22,415,806,638,591,721,465,954,946,875,555,173,586,710,456,469,606,689,358,410,412,69,920,900,708,1
1,152,936,901,525,612,362,356,187,418,298,90,280,510,579,885,32,503,104,709,985,729,23,736,989,1
1,589,42,347,403,105,826,221,711,493,75,283,639,285,529,500,323,299,49,932,1
1,484,827,97,147,871,735,488,151,935,30,917,804,810,158,378,464,143,930,919,536,491,695,572,916,1
1,9,99,108,550,326,121,684,914,480,691,308,789,430,698,774,191,738,955,895,563,633,470,1
1,802,232,601,571,492,294,246,768,408,241,29,681,199,876,178,26,776,994,723,87,43,124,754,370,837,235,1
1,699,657,146,204,120,965,784,756,445,169,644,144,168,818,906,620,819,65,957,999,543,807,180,458,1
1,904,508,538,116,558,111,956,373,790,539,142,805,703,16,845,188,516,541,506,1
1,820,237,301,45,853,344,938,346,321,302,661,81,133,534,290,651,866,215,566,724,486,1
1,959,767,737,922,823,817,238,434,355,317,322,877,749,1
1,659,409,665,769,663,336,874,261,13,533,979,909,14,523,743,56,231,602,351,19,931,1